FeatureLevel=50502
Techniques=Bloom@qUINT_bloom.fx,DepthHaze@DepthHaze.fx,Levels@Levels.fx,ColorMatrix@ColorMatrix.fx,DPX@DPX.fx,Tonemap@Tonemap.fx,MultiLUT@MultiLUT.fx
TechniqueSorting=MultiLUT@MultiLUT.fx,Levels@Levels.fx,Tonemap@Tonemap.fx,ColorMatrix@ColorMatrix.fx,DPX@DPX.fx,Bloom@qUINT_bloom.fx,DepthHaze@DepthHaze.fx

[Bloom.fx]
BLOOM_BLEND_MODE=3
BLOOM_CURVE=1.500000
BLOOM_INTENSITY=1.500000
BLOOM_LAYER_MULT_1=0.050000
BLOOM_LAYER_MULT_2=0.050000
BLOOM_LAYER_MULT_3=0.050000
BLOOM_LAYER_MULT_4=0.200000
BLOOM_LAYER_MULT_5=0.500000
BLOOM_LAYER_MULT_6=0.010000
BLOOM_LAYER_MULT_7=0.010000
BLOOM_SAT=1.000000
BLOOM_TONEMAP_COMPRESSION=10.000000

[ColorMatrix.fx]
ColorMatrix_Blue=0.150000,0.050000,1.000000
ColorMatrix_Green=0.020000,1.000000,0.050000
ColorMatrix_Red=1.000000,0.050000,0.050000
ColorMatrix_White=1.050000,1.020000,0.950000
Strength=0.300000

[DepthHaze.fx]
EffectStrength=0.900000
FogColor=0.800000,0.800000,0.800000
FogFactor=0.200000
FogStart=0.200000

[DPX.fx]
Colorfulness=1.250000
Contrast=0.100000
RGB_C=0.360000,0.360000,0.340000
RGB_Curve=8.000000,8.000000,8.000000
Saturation=2.000000
Strength=0.200000

[Levels.fx]
BlackPoint=30
HighlightClipping=0
WhitePoint=255

[MultiLUT.fx]
fLUT_AmountChroma=0.700000
fLUT_AmountLuma=0.750000
fLUT_LutSelector=8
fLUT_MultiLUTPass2=0
fLUT_MultiLUTPass3=0
fLUT_MultiLUTSelector=0

[qUINT_bloom.fx]
BLOOM_ADAPT_EXPOSURE=0.000000
BLOOM_ADAPT_MODE=0
BLOOM_ADAPT_SPEED=2.000000
BLOOM_ADAPT_STRENGTH=0.500000
BLOOM_CURVE=2.000000
BLOOM_INTENSITY=1.500000
BLOOM_LAYER_MULT_1=0.100000
BLOOM_LAYER_MULT_2=0.200000
BLOOM_LAYER_MULT_3=0.300000
BLOOM_LAYER_MULT_4=0.400000
BLOOM_LAYER_MULT_5=0.500000
BLOOM_LAYER_MULT_6=0.600000
BLOOM_LAYER_MULT_7=0.700000
BLOOM_SAT=0.800000
BLOOM_TONEMAP_COMPRESSION=8.000000

[Tonemap.fx]
Bleach=0.000000
Defog=0.010000
Exposure=0.300000
FogColor=1.000000,0.900000,0.800000
Gamma=1.000000
Saturation=-0.050000