FeatureLevel=50502
Techniques=Levels@Levels.fx,Curves@Curves.fx,MultiLUT@MultiLUT.fx,FilmicPass@FilmicPass.fx,FilmGrain@FilmGrain.fx,Tonemap@Tonemap.fx,ColorMatrix@ColorMatrix.fx
TechniqueSorting=Levels@Levels.fx,Curves@Curves.fx,MultiLUT@MultiLUT.fx,ColorMatrix@ColorMatrix.fx,FilmicPass@FilmicPass.fx,Tonemap@Tonemap.fx,FilmGrain@FilmGrain.fx

[ColorMatrix.fx]
ColorMatrix_Blue=0.050000,0.050000,1.000000
ColorMatrix_Green=0.050000,1.000000,0.050000
ColorMatrix_Red=1.050000,0.050000,0.050000
ColorMatrix_White=1.000000,1.000000,0.950000
Strength=0.400000

[Curves.fx]
Contrast=0.200000
Formula=4
Mode=2

[FilmGrain.fx]
Intensity=0.250000
Mean=0.500000
SignalToNoiseRatio=6
Variance=0.400000

[FilmicPass.fx]
BaseCurve=1.500000
BaseGamma=1.000000
Bleach=0.100000
BlueCurve=1.000000
Contrast=1.000000
EffectGamma=0.650000
EffectGammaB=1.000000
EffectGammaG=1.000000
EffectGammaR=1.000000
Fade=0.200000
GreenCurve=1.000000
Linearization=0.500000
LumCoeff=0.212656,0.715158,0.072186
RedCurve=1.000000
Saturation=-0.100000
Strength=0.700000

[Levels.fx]
BlackPoint=16
HighlightClipping=0
WhitePoint=235

[MultiLUT.fx]
fLUT_AmountChroma=0.750000
fLUT_AmountLuma=0.800000
fLUT_LutSelector=6
fLUT_MultiLUTPass2=0
fLUT_MultiLUTPass3=0
fLUT_MultiLUTSelector=0

[Tonemap.fx]
Bleach=0.000000
Defog=0.000000
Exposure=0.100000
FogColor=0.000000,0.000000,1.000000
Gamma=1.000000
Saturation=-0.100000